epoch,time,train/box_loss,train/cls_loss,train/dfl_loss,metrics/precision(B),metrics/recall(B),metrics/mAP50(B),metrics/mAP50-95(B),val/box_loss,val/cls_loss,val/dfl_loss,lr/pg0,lr/pg1,lr/pg2
1,220.308,2.12193,3.06696,2.37895,0.47116,0.10371,0.07135,0.04035,2.16834,2.49618,2.14519,0.000122925,0.000122925,0.000122925
2,394.31,1.79929,2.36406,2.21219,0.35193,0.16529,0.16136,0.09241,2.08377,2.14656,2.12803,0.000246136,0.000246136,0.000246136
3,567.818,1.72775,2.2792,2.16961,0.28486,0.22,0.16243,0.09334,1.97858,1.97502,2.01547,0.000368855,0.000368855,0.000368855
4,740.081,1.68362,2.2372,2.13023,0.36813,0.22177,0.21524,0.12045,1.94571,1.80894,2.01198,0.000368342,0.000368342,0.000368342
5,912.382,1.64987,2.19711,2.10954,0.53649,0.19133,0.21282,0.12181,1.90245,1.81784,1.94635,0.000367057,0.000367057,0.000367057
6,1184.44,1.61418,2.17995,2.08212,0.4274,0.24543,0.25021,0.15291,1.99888,1.84488,1.97901,0.000365408,0.000365408,0.000365408
7,1461.8,1.58864,2.14434,2.06046,0.40458,0.2558,0.2163,0.1293,1.86977,1.79736,1.91324,0.0003634,0.0003634,0.0003634
8,1670.94,1.57003,2.12668,2.04026,0.45347,0.29028,0.28319,0.16754,1.81774,1.71021,1.84326,0.000361036,0.000361036,0.000361036
9,1845.27,1.55112,2.09306,2.0142,0.44067,0.30024,0.28331,0.1657,1.82968,1.67124,1.8482,0.000358321,0.000358321,0.000358321
10,2018.54,1.54266,2.07709,2.02215,0.42703,0.29993,0.28214,0.16314,1.82471,1.66777,1.8362,0.000355262,0.000355262,0.000355262
11,2321.6,1.5131,2.03673,1.99607,0.54747,0.28394,0.3126,0.18292,1.80865,1.63214,1.82094,0.000351862,0.000351862,0.000351862
12,2495.36,1.504,2.02818,1.98196,0.48886,0.29709,0.30248,0.17838,1.75496,1.59031,1.83173,0.000348131,0.000348131,0.000348131
13,2753.68,1.49843,2.02165,1.97974,0.41842,0.31066,0.29663,0.16361,1.80854,1.57544,1.78877,0.000344075,0.000344075,0.000344075
14,2997.57,1.48558,2.00716,1.96175,0.49542,0.31399,0.31851,0.18518,1.74899,1.59723,1.78507,0.000339702,0.000339702,0.000339702
15,3168.75,1.47818,1.97099,1.95287,0.47427,0.33198,0.31206,0.18346,1.74106,1.54573,1.79335,0.000335021,0.000335021,0.000335021
16,3344.44,1.46724,1.96317,1.96061,0.54921,0.32591,0.34494,0.20417,1.77097,1.53935,1.84023,0.000330042,0.000330042,0.000330042
17,3516.58,1.43739,1.92338,1.92503,0.57077,0.31645,0.32267,0.18648,1.73297,1.52846,1.78979,0.000324775,0.000324775,0.000324775
18,3688.52,1.43593,1.90444,1.92113,0.51045,0.34641,0.33416,0.1935,1.75311,1.54806,1.85686,0.00031923,0.00031923,0.00031923
19,3893.47,1.43207,1.905,1.92202,0.64636,0.31728,0.35535,0.20175,1.70121,1.47523,1.75373,0.000313418,0.000313418,0.000313418
20,4096.41,1.41542,1.86689,1.9006,0.48202,0.3491,0.35435,0.20805,1.67735,1.46103,1.74043,0.000307351,0.000307351,0.000307351
21,4313.61,1.42039,1.87404,1.90189,0.46883,0.36661,0.35608,0.20587,1.6819,1.46884,1.78318,0.000301042,0.000301042,0.000301042
22,4520.06,1.40218,1.83517,1.87426,0.45253,0.36021,0.34643,0.19763,1.66695,1.47502,1.7751,0.000294503,0.000294503,0.000294503
23,4761.27,1.38919,1.81714,1.86812,0.45055,0.3698,0.35551,0.20157,1.60623,1.43554,1.71034,0.000287747,0.000287747,0.000287747
24,4969.24,1.37673,1.80046,1.85631,0.38777,0.37693,0.34482,0.20141,1.63109,1.43011,1.73607,0.000280788,0.000280788,0.000280788
25,5141.88,1.36621,1.79129,1.85523,0.48778,0.38241,0.3809,0.21451,1.65815,1.41634,1.77826,0.000273639,0.000273639,0.000273639
26,5314.37,1.36981,1.77699,1.84892,0.47536,0.36099,0.36059,0.2152,1.66346,1.43622,1.78441,0.000266316,0.000266316,0.000266316
27,5485.42,1.35146,1.76332,1.83235,0.52753,0.36922,0.35438,0.19839,1.59738,1.38775,1.72593,0.000258833,0.000258833,0.000258833
28,5657.44,1.3446,1.75068,1.82842,0.51109,0.39462,0.3777,0.23031,1.54041,1.35491,1.68128,0.000251204,0.000251204,0.000251204
29,5831.47,1.3416,1.73979,1.83842,0.46644,0.37879,0.38305,0.23063,1.56823,1.33174,1.71658,0.000243446,0.000243446,0.000243446
30,6043.95,1.32964,1.736,1.81735,0.49256,0.3956,0.39392,0.23237,1.58786,1.33972,1.71696,0.000235575,0.000235575,0.000235575
31,6218.18,1.31643,1.68975,1.80513,0.50629,0.41747,0.40293,0.22995,1.58761,1.31286,1.74145,0.000227605,0.000227605,0.000227605
32,6432.38,1.32461,1.69924,1.8127,0.4886,0.4126,0.39637,0.22561,1.52226,1.32875,1.6934,0.000219553,0.000219553,0.000219553
33,6669.67,1.30826,1.67808,1.80108,0.48487,0.40692,0.39819,0.24025,1.54996,1.27311,1.70272,0.000211435,0.000211435,0.000211435
34,6880.99,1.30323,1.67184,1.80354,0.5009,0.41395,0.39608,0.23335,1.50111,1.28835,1.6813,0.000203267,0.000203267,0.000203267
35,7052.59,1.29906,1.65461,1.78839,0.53909,0.42331,0.40984,0.24605,1.54897,1.27403,1.68078,0.000195067,0.000195067,0.000195067
36,7297.6,1.30548,1.65055,1.78442,0.51285,0.3973,0.40282,0.24106,1.51873,1.26675,1.66483,0.00018685,0.00018685,0.00018685
37,7469.01,1.2963,1.62133,1.76505,0.52991,0.43089,0.43589,0.26072,1.5377,1.26781,1.68858,0.000178633,0.000178633,0.000178633
38,7674.44,1.27857,1.60652,1.74868,0.53109,0.41853,0.42538,0.24951,1.53977,1.27009,1.69512,0.000170433,0.000170433,0.000170433
39,7847.46,1.28409,1.60347,1.75929,0.52755,0.42095,0.42123,0.25492,1.49718,1.25266,1.68205,0.000162265,0.000162265,0.000162265
40,8070.34,1.27686,1.60281,1.76042,0.59414,0.42993,0.42917,0.25705,1.51232,1.23263,1.65688,0.000154147,0.000154147,0.000154147
41,8341.54,1.26362,1.58027,1.75438,0.51244,0.42846,0.41481,0.25087,1.47413,1.25984,1.66462,0.000146095,0.000146095,0.000146095
42,8511.63,1.2677,1.57591,1.74126,0.53658,0.43758,0.41848,0.25571,1.49526,1.23307,1.67527,0.000138125,0.000138125,0.000138125
43,8723.38,1.26406,1.55856,1.73906,0.50886,0.42747,0.42496,0.2559,1.47215,1.25077,1.66213,0.000130254,0.000130254,0.000130254
44,8894.71,1.25567,1.54266,1.73195,0.62118,0.42659,0.43677,0.27014,1.48051,1.22107,1.6494,0.000122496,0.000122496,0.000122496
45,9070.37,1.24478,1.54445,1.73599,0.54977,0.43248,0.40788,0.25124,1.4472,1.19918,1.6325,0.000114867,0.000114867,0.000114867
46,9242.08,1.25129,1.53752,1.72005,0.54889,0.45589,0.44051,0.26878,1.46791,1.18871,1.6494,0.000107384,0.000107384,0.000107384
47,9414.95,1.23737,1.53764,1.71909,0.53593,0.45269,0.42715,0.25977,1.45493,1.21053,1.63394,0.000100061,0.000100061,0.000100061
48,9670.21,1.23419,1.53331,1.72331,0.59196,0.45459,0.43352,0.26184,1.46631,1.18767,1.64429,9.29125e-05,9.29125e-05,9.29125e-05
49,9913.34,1.23499,1.51297,1.71335,0.56614,0.46012,0.43192,0.26293,1.44301,1.18605,1.62785,8.59532e-05,8.59532e-05,8.59532e-05
50,10086.2,1.23068,1.51186,1.70619,0.59636,0.45189,0.43492,0.2697,1.42157,1.18112,1.61157,7.91971e-05,7.91971e-05,7.91971e-05
51,10259.9,1.21935,1.49559,1.69801,0.5323,0.45999,0.43075,0.26614,1.44087,1.17514,1.62743,7.26578e-05,7.26578e-05,7.26578e-05
52,10432.7,1.22458,1.50839,1.70356,0.59772,0.46318,0.43801,0.26311,1.45675,1.17209,1.6353,6.63485e-05,6.63485e-05,6.63485e-05
53,10604.1,1.21191,1.49148,1.6979,0.59288,0.46273,0.44002,0.26624,1.44426,1.17769,1.63444,6.02819e-05,6.02819e-05,6.02819e-05
54,10777,1.19964,1.48277,1.69664,0.58889,0.46112,0.43855,0.26778,1.43274,1.17946,1.62468,5.44701e-05,5.44701e-05,5.44701e-05
55,10996.2,1.2074,1.47045,1.6807,0.58429,0.46181,0.44111,0.2716,1.43731,1.17346,1.62776,4.8925e-05,4.8925e-05,4.8925e-05
56,11144.6,1.16991,1.30964,1.63409,0.55612,0.45905,0.42746,0.25926,1.41479,1.17729,1.63092,4.36576e-05,4.36576e-05,4.36576e-05
57,11290.8,1.14868,1.27213,1.61878,0.5827,0.45244,0.43238,0.26031,1.4459,1.15543,1.63185,3.86785e-05,3.86785e-05,3.86785e-05
58,11437.1,1.12889,1.24661,1.59174,0.59636,0.46186,0.43613,0.2631,1.42905,1.15205,1.62686,3.39979e-05,3.39979e-05,3.39979e-05
59,11583.1,1.12269,1.24639,1.59175,0.61286,0.46215,0.43866,0.26619,1.40858,1.14027,1.61451,2.96251e-05,2.96251e-05,2.96251e-05
60,11729.4,1.13218,1.24709,1.59655,0.62033,0.45554,0.44318,0.27275,1.40434,1.13253,1.60105,2.55689e-05,2.55689e-05,2.55689e-05
61,11875.9,1.11363,1.23335,1.58596,0.55991,0.48141,0.44758,0.27785,1.40744,1.12546,1.6136,2.18376e-05,2.18376e-05,2.18376e-05
62,12022.1,1.11747,1.224,1.58591,0.5822,0.47294,0.44853,0.27392,1.41216,1.1382,1.62522,1.84385e-05,1.84385e-05,1.84385e-05
63,12168,1.10939,1.21943,1.58303,0.60294,0.46435,0.44918,0.27583,1.41172,1.13008,1.60937,1.53786e-05,1.53786e-05,1.53786e-05
64,12313.8,1.09457,1.21296,1.56992,0.61043,0.46137,0.44468,0.27124,1.40125,1.13631,1.6062,1.2664e-05,1.2664e-05,1.2664e-05
65,12459.5,1.10295,1.21594,1.5728,0.60162,0.46855,0.45158,0.27762,1.40262,1.14003,1.61036,1.03002e-05,1.03002e-05,1.03002e-05
66,12605.6,1.09996,1.21285,1.56393,0.59359,0.47201,0.45128,0.27866,1.40036,1.13553,1.6095,8.29195e-06,8.29195e-06,8.29195e-06
67,12751.5,1.10326,1.22055,1.57313,0.60772,0.46606,0.45113,0.27993,1.39711,1.13415,1.60654,6.6433e-06,6.6433e-06,6.6433e-06
68,12897.3,1.09869,1.20711,1.568,0.59448,0.47876,0.4535,0.2785,1.39359,1.12672,1.60519,5.35755e-06,5.35755e-06,5.35755e-06
69,13043.7,1.10127,1.21572,1.56825,0.6072,0.4751,0.45198,0.28,1.39748,1.12936,1.61055,4.43731e-06,4.43731e-06,4.43731e-06
70,13189.9,1.09588,1.21735,1.56633,0.60651,0.47671,0.45184,0.27699,1.39479,1.12401,1.60752,3.88442e-06,3.88442e-06,3.88442e-06
